0.956426031885086 0.023472235375814
0.804098172251124 0.104687229744507
0.00235966803496385 0.955211999813491
0.556672746248824 0.254393961157868
0.598562483362929 0.226730341385164
0.791335439430483 0.110828410300114
0.937025607176301 0.0325314836432395
0.750853507436079 0.13485148041109
0.835238656609314 0.0874621621953244
0.818694180723573 0.0956121707679086
0.610975669477674 0.218877408166205
0.644623354389757 0.197632911538867
0.135091496326156 0.633082821025758
0.628623069142884 0.208294862876346
0.971190133213804 0.0155761581175707
0.947572763053815 0.0277342514848703
0.651148653692985 0.195788057388226
0.707977656061486 0.161325361376781
0.671935365238245 0.184263862615542
0.00585962807621937 0.924024428287434
0.052434380596024 0.771660883798613
0.169079296762541 0.589456155078477
0.0797804189079934 0.718366363056521
0.437828196803121 0.339255111982109
0.145541909891131 0.619644803523484
0.254848226226545 0.49632927868261
0.296152730604117 0.456894795231072
0.205360852169493 0.548191052273461
0.322332975628931 0.434924416380982
0.0221802489657511 0.85741281673683
0.0779054011444801 0.733087098486602
0.158618906603701 0.603018307445656
0.220900036724154 0.531629314069326
0.120442791080372 0.654272101318658
0.108645759094197 0.672984222134001
0.493844802806143 0.300148760998955
0.40744878766069 0.362548200338356
0.468731439897081 0.315977976564446
0.191342449602934 0.565303322400575
0.109690159742213 0.671729526851001
0.0907817621708245 0.700938366613935
0.57744233298961 0.243330848454266
0.643426996180126 0.202207750454583
0.67693305596547 0.179039080286831
0.743622220923109 0.139395460793068
0.874843518624664 0.0655814292534346
0.691826523910174 0.169107718499596
0.664057808099121 0.18611357932786
0.7324207408472 0.145160409535327
0.842256028731176 0.0842467547166925
0.797488315819799 0.109034381410126
0.815757120316386 0.0988503845219748
0.686284118733599 0.173738149482883
0.926172959079753 0.0396020641246645
0.966178133295452 0.0190086228777272
0.984905318680474 0.00956299714189767
0.944106842909339 0.030374568238142
0.884337389111871 0.0615993950530228
0.867425028538653 0.0715909678400384
0.527707474512917 0.276421275155094
0.516253451270175 0.282386917158951
0.345105026839335 0.414732951638771
0.362385021966931 0.400084611055388
0.182469532697821 0.575039488517039
0.314294135334034 0.443164595946421
0.274447943267679 0.478436041386721
0.153803181321282 0.613715319039589
0.39962110281133 0.372342279615247
0.349520184432873 0.41126724568986
0.386451978514215 0.37972862644262
0.262649458483503 0.488989208569315
0.329310821059006 0.428333434874498
0.428640618182951 0.347403441242037
0.506539079886284 0.29044606266432
0.764056752554284 0.127579522018341
0.764056752554284 0.127572175396964
0.764056752554284 0.127572075858384
0.764056752554284 0.127570807581631
0.764056752554284 0.127569983697952
0.764056752554284 0.127569409611865
0.764056752554284 0.127569293931411
0.790778939299243 0.112399487559966
0.808241557298885 0.102619904313462
0.913006048790241 0.0460940426628132
0.913006048790241 0.046091439152297
0.913006048790241 0.0460905234210924
0.913006048790241 0.0460164036212215
0.913006048790241 0.0460164033607157
0.913006048790241 0.0460059264856523
0.856502043034446 0.0760893441967969
0.746098412939546 0.137883072065923
0.746098412939546 0.137883062586804
