0.0429384972765003 0.801962772997585
0.00148410743058489 0.984387796911234
0.137172513335763 0.63540281437913
0.946858801099979 0.0282711214982294
0.997837247680693 0.00228694228461715
0.336355367203951 0.423703595081336
0.431857661011839 0.346346283636883
0.862825526464923 0.0731563001808087
0.183498851646458 0.574690675240728
0.743096703058247 0.140779571272082
0.207423054890574 0.546039891950162
0.260628433850606 0.491135203722972
0.0557323307132273 0.767436893253385
0.128985855804998 0.643963686266123
0.0784780246410136 0.723559232320871
0.607162480191199 0.221309268473414
0.892728464264701 0.0563662529047149
0.849234034316688 0.0795373046459456
0.986005535401902 0.00743571552825317
0.723880931024025 0.151088405941346
0.75970007965567 0.130278282254661
0.463037094289013 0.32151847077983
0.351300413133693 0.41067292315464
0.371306855987644 0.394201256898737
0.631514949817442 0.207252952414913
0.199281790897529 0.559003837698772
0.2023520300893 0.554715829827423
0.142979285858915 0.627349485478958
0.0767139025050542 0.729681793185893
0.0203986258501042 0.860921241174112
0.120951534860914 0.655829265811958
0.428376715738971 0.348405570265919
0.304050999437639 0.450502909180502
0.358736749392474 0.402976252578701
0.492463615339409 0.299545221291836
0.541836878231186 0.265591387233747
0.672061340020178 0.182886768582314
0.692316385488434 0.172731629246842
0.425801507244792 0.350647637501541
0.326684302388519 0.43181792950581
0.0957535516915192 0.698553696819723
0.112595950645102 0.670865753494091
0.00954164350676656 0.905419479302447
0.152328851241425 0.610917306328306
0.0346090878873346 0.816501804608377
0.104680355793217 0.679152585324762
0.2467373666877 0.505793724784827
0.396958340661167 0.372239855338796
0.285062254796925 0.468697753769368
0.0136281918299658 0.894804569476038
0.29539564317278 0.465455684451292
0.101324185530007 0.69149375618777
0.00651495426960669 0.92970081775568
0.270562930338296 0.487528003116108
0.413825018827149 0.364325336855654
0.316694503337977 0.444392810319149
0.654587323890377 0.19759933663258
0.476436526178985 0.312446637996462
0.511162849395557 0.286867603419149
0.733779654754326 0.144826317345038
0.788947917729841 0.113152646105795
0.664030485610103 0.187625927500769
0.551958751683783 0.257960688862744
0.523347872751021 0.277492598855915
0.703405483089288 0.162410567551959
0.385716152563131 0.381881941475165
0.4495245969462 0.331673925208686
0.638573597398689 0.203249285126097
0.588522378641053 0.235267789449288
0.776106264680878 0.121110922437439
0.808327170876155 0.103003728923198
0.924352912586771 0.0399620579034422
0.912420340369017 0.0461964467647697
0.971907048567097 0.0181766898627689
0.933311944772649 0.0389038985889483
0.933311944772649 0.0388016563311236
0.933311944772649 0.0387785691540377
0.933311944772649 0.0381891037780926
0.933311944772649 0.0381802832047992
0.933311944772649 0.0381800462350087
0.933311944772649 0.0378093198020576
